 SUMMARY.MASS.DAT
 DOI: 10.3334/CDIAC/ffe.ndp058.2016
  All values should be zero or positive.
  Mass units are 10^6 metric tonnes C (Tg C).                                    
 year  mingrid  maxgrid  gridsum
 1751   0.1      0.4       2.55
 1752   0.1      0.4       2.55
 1753   0.1      0.4       2.55
 1754   0.1      0.4       2.55
 1755   0.1      0.4       2.55
 1756   0.1      0.4       2.73
 1757   0.1      0.4       2.73
 1758   0.1      0.4       2.73
 1759   0.1      0.4       2.73
 1760   0.1      0.4       2.73
 1761   0.1      0.4       3.00
 1762   0.1      0.4       3.00
 1763   0.1      0.4       3.00
 1764   0.1      0.4       3.00
 1765   0.1      0.4       3.00
 1766   0.1      0.5       3.35
 1767   0.1      0.5       3.35
 1768   0.1      0.5       3.35
 1769   0.1      0.5       3.35
 1770   0.1      0.5       3.35
 1771   0.1      0.5       3.71
 1772   0.1      0.5       3.72
 1773   0.1      0.5       3.72
 1774   0.1      0.5       3.72
 1775   0.1      0.5       3.72
 1776   0.1      0.6       4.10
 1777   0.1      0.6       4.10
 1778   0.1      0.6       4.11
 1779   0.1      0.6       4.11
 1780   0.1      0.6       4.11
 1781   0.1      0.7       4.60
 1782   0.1      0.7       4.60
 1783   0.1      0.7       4.60
 1784   0.1      0.7       4.60
 1785   0.0      0.7       4.60
 1786   0.0      0.8       5.23
 1787   0.0      0.8       5.23
 1788   0.0      0.8       5.23
 1789   0.0      0.8       5.23
 1790   0.0      0.8       5.23
 1791   0.0      0.9       5.85
 1792   0.0      0.9       5.98
 1793   0.0      0.9       5.98
 1794   0.0      0.9       5.97
 1795   0.0      0.9       5.97
 1796   0.0      0.9       6.26
 1797   0.0      0.9       6.58
 1798   0.0      1.0       6.85
 1799   0.0      1.0       7.21
 1800   0.0      1.1       7.67
 1801   0.0      1.1       7.63
 1802   0.0      1.1      10.04
 1803   0.0      1.2       8.59
 1804   0.0      1.2       9.36
 1805   0.0      1.3       9.12
 1806   0.0      1.3       9.56
 1807   0.0      1.3      10.06
 1808   0.0      1.3       9.57
 1809   0.0      1.3       9.58
 1810   0.0      1.3      10.20
 1811   0.0      1.4      10.80
 1812   0.0      1.5      11.19
 1813   0.0      1.5      11.25
 1814   0.0      1.5      11.50
 1815   0.0      1.6      11.87
 1816   0.0      1.7      13.01
 1817   0.0      1.7      13.49
 1818   0.0      1.7      13.55
 1819   0.0      1.7      13.63
 1820   0.0      1.7      13.83
 1821   0.0      1.7      14.04
 1822   0.0      1.8      14.59
 1823   0.0      1.9      15.43
 1824   0.0      2.0      15.97
 1825   0.0      2.0      16.58
 1826   0.0      2.0      16.76
 1827   0.0      2.1      17.99
 1828   0.0      2.1      18.19
 1829   0.0      2.1      18.12
 1830   0.0      2.7      24.33
 1831   0.0      2.6      23.07
 1832   0.0      2.6      23.23
 1833   0.0      2.6      23.69
 1834   0.0      2.6      24.15
 1835   0.0      2.6      24.68
 1836   0.0      3.1      28.59
 1837   0.0      2.9      28.57
 1838   0.0      3.0      29.49
 1839   0.0      3.1      30.46
 1840   0.0      3.2      32.46
 1841   0.0      3.3      33.47
 1842   0.0      3.4      35.34
 1843   0.0      3.6      36.26
 1844   0.0      3.7      38.60
 1845   0.0      4.0      42.36
 1846   0.0      3.8      43.07
 1847   0.0      4.1      47.05
 1848   0.0      4.4      47.44
 1849   0.0      4.6      50.08
 1850   0.0      4.9      53.74
 1851   0.0      4.7      54.26
 1852   0.0      4.6      56.65
 1853   0.0      4.6      59.28
 1854   0.0      5.6      69.64
 1855   0.0      5.2      71.00
 1856   0.0      5.6      75.68
 1857   0.0      5.5      76.39
 1858   0.0      5.4      77.57
 1859   0.0      6.0      82.25
 1860   0.0      6.7      90.26
 1861   0.0      7.0      94.92
 1862   0.0      6.8      96.65
 1863   0.0      7.2     103.15
 1864   0.0      7.8     111.12
 1865   0.0      8.2     118.00
 1866   0.0      8.5     121.73
 1867   0.0      8.7     130.41
 1868   0.0      8.5     133.94
 1869   0.0      8.9     142.23
 1870   0.0      9.1     145.34
 1871   0.0      9.7     154.52
 1872   0.0     10.2     170.95
 1873   0.0     10.6     181.61
 1874   0.0     10.3     170.03
 1875   0.0     10.9     184.44
 1876   0.0     10.8     187.10
 1877   0.0     11.0     190.80
 1878   0.0     10.8     192.30
 1879   0.0     10.9     206.07
 1880   0.0     11.9     233.05
 1881   0.0     12.5     240.88
 1882   0.0     12.6     254.40
 1883   0.0     13.1     270.54
 1884   0.0     12.8     273.59
 1885   0.0     12.6     275.63
 1886   0.0     12.5     279.95
 1887   0.0     12.8     293.95
 1888   0.0     13.3     325.49
 1889   0.0     13.8     325.37
 1890   0.0     14.1     354.49
 1891   0.0     14.4     370.99
 1892   0.0     14.1     374.06
 1893   0.0     12.6     369.58
 1894   0.0     14.5     382.47
 1895   0.0     14.6     405.54
 1896   0.0     15.0     418.78
 1897   0.0     15.4     438.61
 1898   0.0     15.5     462.64
 1899   0.0     16.6     505.41
 1900   0.0     16.8     533.11
 1901   0.0     16.4     550.75
 1902   0.0     17.1     564.71
 1903   0.0     17.2     616.07
 1904   0.0     17.3     622.61
 1905   0.0     17.5     662.85
 1906   0.0     18.1     696.20
 1907   0.0     18.9     787.29
 1908   0.0     18.5     757.56
 1909   0.0     18.6     787.47
 1910   0.0     18.8     825.88
 1911   0.0     19.2     840.95
 1912   0.0     18.2     880.65
 1913   0.0     19.9     952.88
 1914   0.0     19.3     864.65
 1915   0.0     19.6     852.93
 1916   0.0     20.3     920.39
 1917   0.0     20.3     962.98
 1918   0.0     21.2     949.97
 1919   0.0     18.2     823.32
 1920   0.0     21.4     957.32
 1921   0.0     17.3     839.99
 1922   0.0     17.4     880.80
 1923   0.0     23.0     999.38
 1924   0.0     20.6    1002.63
 1925   0.0     21.2    1009.62
 1926   0.0     22.9     993.97
 1927   0.0     22.4    1085.53
 1928   0.0     22.2    1089.28
 1929   0.0     23.8    1171.06
 1930   0.0     21.2    1082.60
 1931   0.0     18.0     967.01
 1932   0.0     15.8     872.36
 1933   0.0     16.4     918.56
 1934   0.0     17.4     999.33
 1935   0.0     18.1    1049.81
 1936   0.0     20.8    1152.75
 1937   0.0     21.7    1234.41
 1938   0.0     18.4    1164.00
 1939   0.0     20.3    1229.02
 1940   0.0     22.7    1338.43
 1941   0.0     24.8    1371.36
 1942   0.0     26.7    1375.54
 1943   0.0     27.5    1423.66
 1944   0.0     29.6    1414.06
 1945   0.0     28.6    1182.69
 1946   0.0     27.4    1291.12
 1947   0.0     30.1    1429.19
 1948   0.0     31.3    1503.60
 1949   0.0     26.2    1431.46
 1950   0.0     30.8    1580.66
 1951   0.0     31.7    1699.44
 1952   0.0     30.9    1722.43
 1953   0.0     31.7    1770.28
 1954   0.0     30.2    1809.27
 1955   0.0     33.1    1980.95
 1956   0.0     34.7    2108.39
 1957   0.0     34.4    2173.78
 1958   0.0     33.3    2242.22
 1959   0.0     34.3    2359.67
 1960   0.0     35.1    2485.88
 1961   0.0     35.0    2484.99
 1962   0.0     36.3    2573.16
 1963   0.0     37.9    2719.69
 1964   0.0     39.5    2857.85
 1965   0.0     41.2    2991.51
 1966   0.0     43.2    3127.49
 1967   0.0     44.9    3223.83
 1968   0.0     46.5    3399.78
 1969   0.0     48.9    3628.57
 1970   0.0     52.6    3931.67
 1971   0.0     52.9    4090.07
 1972   0.0     55.4    4278.17
 1973   0.0     57.9    4503.78
 1974   0.0     55.8    4493.94
 1975   0.0     53.5    4499.68
 1976   0.0     56.0    4747.45
 1977   0.0     57.6    4879.72
 1978   0.0     59.4    5063.59
 1979   0.0     59.5    5201.32
 1980   0.0     57.3    5181.57
 1981   0.0     55.1    5048.32
 1982   0.0     52.3    5021.71
 1983   0.0     52.7    5074.34
 1984   0.0     54.3    5225.58
 1985   0.0     54.5    5414.49
 1986   0.0     54.6    5488.59
 1987   0.0     56.9    5681.67
 1988   0.0     59.4    5900.03
 1989   0.0     60.2    5990.78
 1990   0.0     68.2    5872.14
 1991   0.0     68.6    6023.49
 1992   0.0     70.3    5913.22
 1993   0.0     69.7    5970.60
 1994   0.0     73.9    5992.28
 1995   0.0     74.7    6107.35
 1996   0.0     76.3    6277.03
 1997   0.0     76.3    6289.90
 1998   0.0     76.3    6219.81
 1999   0.0     78.3    6316.19
 2000   0.0     79.4    6506.25
 2001   0.0     77.5    6557.24
 2002   0.0     79.5    6660.19
 2003   0.0     81.1    7037.02
 2004   0.0     82.8    7390.44
 2005   0.0     80.2    7592.41
 2006   0.0     79.7    7855.57
 2007   0.0     83.2    8063.80
 2008   0.0     80.4    8244.72
 2009   0.0     73.4    8151.93
 2010   0.0     77.9    8694.81
 2011   0.0     81.7    9034.52
 2012   0.0     84.3    9206.65
 2013   0.0     86.0    9233.63
